0
0
16000
31000
31000
31000
31000
31000
31000
31000
31000
31000
31000
31000
31000
31000
31000
31000
31000
31000
31000
31000
31000
31000
31000
31000
31000
31000
31000
31000
31000
31000
31000
31000
31000
31000
31000
31000
31000
31000
31000
31000
31000
16000
0
0
0
0
0
0
0
0
0
0
0
0
0
0
0
0
0
0
0
0
0
0
0
0
0
0
0
0
0
0
0
0
0
0
0
0
17000
33000
49000
65535
65535
65535
65535
65535
65535
65535
65535
65535
65535
65535
65535
65535
65535
65535
65535
65535
65535
65535
65535
65535
65535
65535
65535
65535
65535
65535
65535
65535
65535
65535
65535
65535
65535
65535
65535
65535
65535
65535
65535
50000
35000
35000
35000
35000
35000
35000
35000
35000
35000
35000
35000
35000
35000
35000
35000
35000
35000
35000
35000
35000
35000
35000
35000
35000
35000
35000
35000
35000
35000
35000
35000
35000
35000
35000
35000
35000
35000
35000
35000
35000
50000
65535
65535
65535
65535
65535
65535
65535
65535
65535
65535
65535
65535
65535
65535
65535
65535
65535
65535
65535
65535
65535
65535
65535
65535
65535
65535
65535
65535
65535
65535
65535
65535
65535
65535
65535
65535
65535
65535
65535
49000
33000
17000
0
0
0
0
0
0
0
0
0
0
0
0
0
0
0
0
0
0
0
0
0
0
0
0
0
0
0
0
0
0
0
0
0
0
0
0
0
0
