16062
16020
17034
18103
16142
21503
17103
17883
17474
17354
22194
18543
17860
17327
18981
22650
16332
18177
23757
20556
16080
23846
18417
22335
20208
19993
20124
23443
16256
23798
18621
16049
16092
17050
18726
23034
23056
17705
20207
21001
17158
16934
18007
22948
18463
21237
23809
22376
18755
23550
23044
23538
19291
16544
18629
21146
17321
23246
23678
19137
22231
18649
18187
19364
21629
20988
19273
18632
18396
20436
22157
16758
17175
22886
22322
18372
18727
21295
22441
23981
22444
20642
22366
22059
19331
16521
21389
18073
17924
19694
16514
22704
23263
17355
23653
16306
20392
18836
19639
23782
23386
18756
20458
22471
23487
22893
19219
23980
16545
17572
18994
18196
17731
21267
22102
17718
19950
22473
22595
18916
21802
20749
21583
18404
19005
19811
21467
23198
20385
19766
20979
18113
18503
18459
17529
20164
23404
17344
21779
19650
23435
21005
19687
17622
19181
20704
16543
22493
22195
23228
18649
18575
21421
20937
19266
17541
21682
23100
16771
20426
23916
19156
22038
19117
16071
19889
16101
22386
16712
23969
22447
16278
20757
16793
16119
21261
18752
23771
19742
23924
18480
21854
23894
20937
20102
22326
17560
19254
23431
16709
22742
21310
22676
19840
19523
23432
18053
23778
22958
17188
18953
20749
18940
16693
18077
20677
18272
21390
21566
18694
19137
20373
16592
22512
21299
23718
22199
22053
17379
16887
20334
19809
19631
17373
18508
16201
19336
20158
18156
23359
16809
16092
17847
18589
19864
18966
21013
19261
19235
16449
16898
16050
18843
20985
19010
20727
19619
16813
16624
18896
23461
22817
21490
20366
23386
21097
16625
17930
23127
21426
22012
20006
22396
21365
20072
22128
23575
18929
21891
18924
17659
22922
23635
22337
18277
18635
17394
22532
23584
22425
18489
22526
23385
18857
16377
17945
17252
20214
21720
19264
21692
20558
17770
21056
19422
16523
20450
17860
23023
20495
19192
19229
19594
16386
19240
18842
17951
19038
20826
22347
16452
16765
17079
19959
19204
16350
19029
18760
18856
18874
23014
18535
22164
18271
23731
20023
16701
18583
20800
22840
21042
22312
21463
20632
20133
22877
19450
17573
18246
19722
21713
22763
18169
16214
17788
18459
23774
22614
17482
16714
19778
16152
16808
20895
19064
23376
20801
21658
20757
19725
19803
20807
21238
16592
21079
17371
17472
21783
20545
21620
18315
19085
22064
16977
16623
17548
19682
23082
21660
18063
18946
23196
23115
21901
19747
21505
23073
21931
17493
21006
23259
18283
17683
20928
18939
18877
23861
23334
16113
18039
22238
17465
16724
17969
18548
18905
22575
21549
20849
19309
21536
22094
16698
16176
22033
18957
19065
16474
16796
19685
17921
19686
16209
18489
17023
17564
17407
16655
17869
21234
19464
19567
18781
22088
17374
17437
23294
23491
18676
16278
20242
17244
22496
22144
18209
23706
20357
18511
23088
23736
20381
23738
19220
17287
22998
22974
23283
22072
20985
21493
17077
21989
18927
23911
23777
21424
22097
17928
19346
18440
19873
18078
19808
19856
19057
20896
21114
20932
22783
16279
16894
16554
17440
20724
17485
20334
16491
22111
23827
23982
16372
16760
18015
16556
16445
22779
20326
23443
20667
23536
22803
16871
17222
19136
23432
21826
16677
22748
20254
23220
22792
21855
22822
18420
19111
16218
22176
19164
16848
23602
19453
19402
17318
20728
23010
21952
20794
16623
19177
19482
22163
17412
16198
18608
23439
18403
16214
21833
18125
23104
19277
18232
20965
22980
17155
23568
20051
22748
18963
16035
22191
16946
18987
20484
22089
16789
20430
23960
23822
20928
20877
22974
19237
16249
22897
17649
16735
20978
22971
17404
20782
17089
19308
17492
21689
17232
18917
17356
17479
20582
17425
18723
20064
19249
16590
18380
20087
22334
23773
23891
19014
23488
16413
21044
18181
16011
18144
17469
18413
16568
18560
23034
21223
18887
21943
20830
17877
22027
22988
22735
22703
17485
18447
21765
21192
17833
21098
18511
16158
21297
22706
22092
17312
16059
16282
20190
22329
19038
16192
17494
20532
18151
22609
22905
17856
18592
18009
18850
22600
21830
21231
19263
23825
16262
21555
17063
22344
16469
23901
18124
18063
17659
20432
23970
22973
16224
19551
17072
22255
17611
18733
19228
23644
20629
16977
21634
17842
22122
16621
22127
17478
21077
17723
17885
18889
17016
19528
16198
18307
20349
23557
17677
19603
17558
16164
16966
22912
17680
17559
22990
17170
20063
17740
20609
20779
19155
18257
21169
18101
17617
23940
19383
17835
17320
18438
17974
17028
18982
21745
23182
16137
19563
23588
18052
21560
22852
16543
17311
16661
22251
19781
19411
22461
16861
17136
17699
19764
19621
23803
19087
22449
23043
19963
19665
20163
17064
20534
23078
19846
18658
22363
16699
16477
20501
21697
20370
22020
19370
21234
18685
20226
18698
17694
22869
23271
18521
20515
16118
23751
19649
23459
16244
21756
22398
21460
19873
21697
16212
18626
18267
21150
21751
22740
21557
21642
19773
23517
23040
17721
17318
20617
22451
16171
17168
17750
21677
20220
23623
20838
22778
23309
21517
17497
17480
19846
16684
22492
19833
19425
20169
18408
19942
18990
22173
21184
23418
16385
21056
17139
22373
22587
22510
21586
19127
21686
23633
19367
17957
20625
19094
17686
21811
20169
20705
23329
18867
19157
22510
23037
18501
17214
22185
17368
19735
21548
22186
19540
20591
16424
18835
21894
16069
18841
23858
16220
19945
20784
19069
17400
22375
19134
20015
16677
16213
22787
23399
18485
22915
18912
21788
17628
16846
23587
20816
21247
22113
22863
22849
17244
18971
16586
23350
22999
19254
23793
20565
21244
22424
20501
21010
16865
21122
17054
16952
20488
17395
22651
19900
21607
21649
17215
20930
19496
18138
19429
22405
23869
22388
21244
18549
22374
18838
17429
18744
18691
19074
23428
20663
19258
20074
17034
18788
20843
23010
22369
20509
17978
20429
21006
22549
17537
20937
19840
17136
20573
17705
16009
22058
18372
21085
16746
20379
17507
23548
16577
16928
16185
23291
20227
20998
16772
20393
23837
22207
17861
22769
20601
21620
20090
20739
16271
20337
23450
21062
22771
20685
23765
20500
22237
18633
19254
21655
21046
19009
16516
23955
21238
23066
18398
19547
20459
22278
17204
20998
18114
16147
23902
16517
17768
19010
19260
21679
18015
23839
16293
22002
23348
19515
20349
19140
23566
19418
20212
19742
16135
19269
17502
16375
23184
18344
23697
22211
18072
16067
18214
19810
18965
16808
22686
19406
23321
17509
23041
21934
19168
21733
20058
19931
22231
19483
18992
21011
19780
23187
23072
20238
18666
22069
17542
17900
21974
19834
16607
17221
17079
22255
22019
21623
21992
23091
20901
17620
22302
19486
21353
18742
22299
19831
18608
18640
21514
19781
18094
21998
17229
21167
18662
18932
20660
18004
18869
17732
22069
17918
22853
22657
19999
18509
22754
23443
21854
17914
17738
17739
16827
18659
21366
23689
16333
17442
19346
17496
19720
23228
22673
19371
20336
17495
22190
16456
20982
18266
21144
22311
17454
19331
18077
20788
20696
21690
22923
21307
18403
17471
16833
22133
17393
19241
19583
23168
21483
23254
18681
16113
20180
19153
21405
18681
23742
22354
19255
22301
21113
16400
23286
22234
18665
22714
21780
22487
20807
17014
16940
21938
16673
17454
20309
16157
20401
23863
22639
18819
22691
20013
20473
17896
17688
17880
16237
23690
18507
20199
16745
21149
17987
18175
23346
23914
21687
21950
19418
22419
21713
18525
19714
22307
18100
22826
23242
21167
21880
17456
20227
18895
21895
21502
17902
20726
20844
22849
19893
19122
17728
23924
18047
19540
21521
23857
22122
16774
16583
16339
19010
20609
20243
18496
20741
18321
16858
22484
22033
21989
17136
17710
16951
21390
21969
23991
17423
22496
19877
16651
20321
21974
16232
21542
22205
18489
22024
18654
21848
16504
17235
19718
17636
19267
19744
18864
23923
18443
20967
21912
23966
17551
19015
23106
17073
22126
20899
21373
18896
18614
17114
23895
18466
16805
17697
16767
16131
22715
22087
17455
20686
17809
17612
22503
22702
18886
18681
20909
20896
20212
19096
17157
22454
16777
20178
23287
18025
19627
18523
22886
22778
18005
21341
17278
20924
16395
23193
22033
18843
17481
18440
19005
18627
23169
22425
19628
17541
16645
22243
19042
19362
19395
19534
19596
22622
19488
22586
20543
17777
18418
21186
22582
17412
18925
16142
22116
20502
16358
17183
19348
22636
17662
19889
23355
21484
17305
23657
23383
19163
17698
20317
22242
21054
22503
23940
18927
17714
21901
19349
17844
22980
22290
17862
19888
21902
19577
20478
21952
23107
19674
16150
22702
19648
23380
17067
23142
17632
22618
22059
22036
18892
20215
20099
19982
21527
21354
16207
18441
18004
21574
22799
21270
22445
22228
20304
21271
20956
22282
18092
18576
18003
18291
19916
17917
19651
18228
19928
17396
23480
18962
18394
20797
19308
16420
22248
21949
22594
18631
22923
22336
20385
17790
23204
17553
17244
20340
23002
19014
20224
22413
18449
19154
16959
20674
22693
22699
19419
16689
23097
19125
16901
18504
18024
18004
17079
22368
23473
16426
18320
19702
16186
19066
20099
18887
23064
21120
23119
16317
21563
16962
17107
22580
19350
22463
23743
19648
21850
16688
20365
19103
22666
18899
22079
23362
23168
19414
19226
19978
23908
23448
19145
17857
22887
21138
17208
20019
23756
19995
22548
18050
21252
23843
21363
16754
16589
22631
21569
23676
17197
19099
18286
22279
21783
21741
21708
20603
17687
16363
23958
19962
21537
19276
19219
22222
21505
16258
18296
16256
22696
22463
23689
19292
23824
16469
21669
19402
17212
23614
19922
17741
17571
18804
17293
17471
19047
21656
17115
20512
17458
17828
22880
23077
16391
23987
18204
18946
20887
23183
23426
18261
22848
20285
21165
16038
21421
21708
17943
20587
19010
22996
18500
23624
20691
23031
22336
17407
16486
20823
16543
19751
23205
19891
21133
21510
17091
17632
17495
20779
21247
21391
22428
18588
22408
22311
21158
22543
23976
16320
22371
22216
16741
23251
16896
22502
21657
19990
19558
18638
20059
22741
16542
21506
17688
21889
18387
16121
23574
16521
20513
21157
18809
19980
16531
16038
19829
18747
20239
17747
20528
23631
16116
19223
20705
21485
22806
21214
18649
19547
19153
17914
19399
17001
20853
21773
23358
17567
16943
18054
20585
16630
18598
17711
22105
17645
18022
18431
20394
18446
16546
20034
22663
20832
23090
17951
16214
18695
19903
22476
23537
21577
19909
16849
21068
19859
17262
23689
16671
16335
21417
21851
23692
21405
18414
21779
17222
19650
16057
21399
19237
21985
22132
19182
18382
21047
16094
19108
21070
17409
17121
18822
23541
23881
18986
16292
17829
16396
18676
16196
19807
20840
16574
17990
22534
18474
19402
18133
21435
19789
20718
19957
22520
19664
20914
16184
18596
19842
23199
22790
16922
17343
19149
20491
17103
21971
17698
21672
22248
19521
19224
20100
16036
21623
21879
18418
23834
22698
19728
19952
23569
23838
16159
16017
22301
20824
17315
22209
21010
17087
21879
19142
16275
19463
20849
16504
16647
23998
18206
21441
16899
19922
18719
22391
21066
17083
18464
18389
17919
20631
16566
23145
23231
22502
22798
20103
22279
18107
23343
20908
22161
19443
20174
23495
22872
18609
21919
17470
20690
16838
21486
19258
21696
23507
21447
17341
22540
17437
17916
17860
16754
21396
21157
20311
18565
23901
16525
22561
16439
19779
19078
17939
17340
23948
20015
23671
18189
16675
16559
23795
23203
21139
16797
16534
20162
20058
19756
22410
17476
23223
20323
18626
16429
20867
20946
18721
22262
18826
22588
17079
17287
23636
20369
22424
16285
20922
18145
18692
23544
16143
17835
23062
20403
19342
20216
16946
20438
21984
16352
19150
19287
16959
16272
18749
21878
19962
21618
20128
22660
18903
19887
23710
19574
19204
16002
18478
21300
19106
17976
22044
16558
16887
23404
23128
20751
16670
22978
16959
17272
18809
16336
20319
17683
17612
20013
18235
18294
18968
19001
20486
19087
22870
18865
22124
20699
22286
22328
20578
21868
21439
23262
22508
17984
19265
23977
20203
18801
18725
20647
20132
19148
20645
18076
17660
18879
23529
17053
23219
20317
19540
20981
21928
23115
17204
23349
17248
21591
21825
18784
23537
19814
19849
17438
19241
18617
23976
23824
20389
19667
21170
20065
17769
18224
18580
22276
22845
16760
23600
19329
20418
20539
23159
16126
16314
23961
20300
20202
22920
16750
23924
23903
23318
21662
16251
20153
18965
20390
16729
20099
22929
21441
18696
20538
17773
17131
21577
23018
20308
17932
16077
19761
19376
20868
20927
19756
21104
18205
16257
23085
20034
17599
19983
19079
17364
16976
20398
17174
17157
23517
19080
20011
17623
17066
23085
17044
16898
22206
22899
20934
21800
18649
16686
17364
22390
19761
18646
23844
16730
16338
18694
18843
21650
17085
21690
16038
16375
17230
23467
17106
16190
22502
19996
23147
22460
22124
19499
17296
21118
19620
18354
16162
17404
17945
21005
17085
16708
21994
18885
21811
21559
16959
16039
23783
19123
18314
17120
19925
23238
22314
16285
20932
19221
20970
16224
19841
21048
18870
21807
21305
19858
21563
17458
17734
19189
22739
20839
19001
20681
18746
21419
23988
23065
23321
19785
20878
22549
21361
21834
21563
21014
21006
22815
21556
20759
23105
23217
20148
18190
16141
22137
20805
17331
23314
17799
16462
20961
20008
20495
22347
18697
23798
16160
21152
19172
22129
23051
20233
17256
20271
22137
22364
16650
22935
16462
21049
19280
20772
21661
19153
21623
21584
20097
18744
16771
22648
22728
22129
16705
22783
21087
18020
16094
21896
17309
23335
17359
16626
16066
17726
21464
19321
21358
16526
18207
17917
19627
17337
16717
17402
23198
23644
23766
21844
21679
23415
16364
18781
23727
19964
19419
22042
23442
19031
22007
22770
23746
17958
19844
19479
23436
21004
19520
16269
22912
19263
18146
23679
16288
16571
18135
22448
21806
20380
21092
21594
23351
18776
23036
23972
21610
19051
18440
18301
16081
22999
18174
19599
16949
21790
21420
19409
18695
16489
22354
20142
19764
21697
19031
17766
17025
22481
23879
19819
22458
23935
18641
16837
21749
23229
22300
18833
20035
22945
17590
22563
20475
19930
20487
16723
20065
19395
23157
21609
23685
23029
22124
20932
16809
20655
23235
16882
23018
23244
21050
22405
17000
21500
22233
22323
19791
17850
17729
20418
21347
20220
21027
17819
19777
20181
17208
22579
21208
20689
20539
21786
17015
23184
22090
17010
23940
19561
23065
21371
20790
20475
20451
16604
23857
20890
21844
17900
20072
18613
17348
16872
22707
23722
17059
23184
21643
21223
17350
16454
16186
18874
23132
22063
19719
20403
19642
18173
21508
20132
23347
18724
21456
20332
21400
19005
18578
16361
17964
18441
20251
20650
22693
17635
16793
18728
23542
16645
20955
17522
21123
18344
23183
16230
16858
21622
17184
17081
18896
21439
22684
16116
19527
20745
17374
20633
22056
19178
22308
16636
20879
19570
18866
23124
18351
19286
19958
16112
16276
23557
21245
23469
22990
16789
22216
19712
19527
18323
22987
20887
16556
20344
21908
20945
21995
23565
23400
21730
21651
23945
17023
20232
21062
21830
19510
23703
18325
21557
20964
17883
21649
21035
17863
20831
23151
18578
22149
19657
22931
18883
19867
17555
19977
18163
21290
18340
17351
16720
17181
23903
22293
21814
18446
19636
18607
16979
23907
21989
17677
23683
21104
18353
17030
21945
16649
19849
19070
18234
23617
21632
22986
19144
18565
18176
16472
22643
17488
22735
16670
20776
22731
21822
23234
20799
18050
18022
19162
19447
21744
19852
23851
23772
17198
20932
18458
22776
20541
19504
18989
18391
22413
22030
19602
18122
23120
17762
18605
16561
23160
17204
23332
19753
22574
18452
16511
18264
22631
22473
22642
22196
18168
23370
17907
20040
23859
23249
17199
22998
16242
18841
22727
20757
18451
22309
21772
20079
17551
20862
21637
17624
21664
18266
16764
22010
19904
18576
19643
22396
23101
16246
22323
21454
17674
16320
19266
22961
18430
20030
22762
19366
16315
21023
18282
18995
20111
23859
20627
21439
17528
20694
23430
19676
20096
19817
17908
17442
21009
19124
19541
22477
21224
19607
16026
17816
20475
18180
23434
23645
21133
20144
23146
20842
17833
22760
23099
16290
18480
22047
23633
18115
17423
23504
19506
22987
19805
23565
20856
19774
19025
22190
23947
16946
20001
19231
23800
19291
20605
19313
17497
18108
20509
18726
20668
20581
19482
22320
16911
17793
22550
17731
21260
18536
19501
20243
16787
17263
21525
17059
21650
23070
22538
16109
16919
21226
23216
20769
17359
22403
16267
17007
18153
23678
18664
16835
16546
21937
21008
16015
22247
22203
19335
17472
19979
16786
18813
16249
23871
22623
21402
18484
16581
20259
20283
18020
18328
22575
18078
23498
21385
18687
22187
19054
17619
21835
19294
17223
18525
23657
17227
21608
22101
23271
22106
23305
18593
19958
18025
19110
21743
19549
22971
19039
20672
18879
20018
19915
17718
22793
17092
23587
18574
18143
21444
23377
17077
17265
16262
17041
16777
19523
17631
22551
18501
22455
19552
23473
23221
22045
22067
21020
16934
22072
21719
18843
16565
18235
16423
19608
17975
16289
20267
22720
20166
20758
18194
16451
19981
19668
21525
17436
18018
19146
21311
17282
21500
18878
20701
23401
22571
22330
18065
22074
21837
21779
16724
23637
19140
21056
16031
21525
16536
23388
20331
17185
18745
18064
20285
23377
17569
22158
18461
17392
19787
22310
21834
23116
20024
23325
19974
16753
22498
22378
21554
23360
22218
19748
16070
22256
18327
23441
18738
21444
16568
21372
20634
19558
18754
19824
21081
17653
19775
17621
23733
21313
20178
18183
20491
18587
21717
20445
18345
16745
20732
19406
23865
18417
16641
17480
17417
20856
21394
23716
19815
19558
19511
19073
20247
22389
16339
23403
21163
16545
16460
16782
22177
17794
23859
19835
22250
16551
18026
19800
16114
17834
23460
19508
21208
18797
20881
17790
21733
19981
23301
20959
21285
19960
22736
19666
20168
17934
23560
16587
16657
21004
17573
18336
21125
23539
20705
21490
21875
21921
16139
18672
23947
19492
21498
20604
22853
22807
20849
18989
23833
22883
16540
16491
19112
23950
16946
16932
18279
23456
16217
23274
20512
23104
22451
20745
16238
20269
19788
19501
18895
21014
21696
16086
22028
19989
23751
22241
17447
23363
16701
21631
20894
21767
19021
20384
23727
19002
22290
17248
20426
22144
21856
23141
23609
21819
23926
17577
20216
22913
23337
21402
18356
23820
23918
23105
21181
19435
19566
23342
23504
22752
19092
19842
16703
19499
19530
19361
18135
20881
17467
20990
23049
23537
17335
21017
16944
22906
17478
17987
22083
22339
23471
21394
17678
16336
16628
16512
18360
20404
23378
22748
20189
17661
17881
23070
23711
23409
17790
22301
19706
21576
16138
20606
22646
20451
16248
20050
23062
22935
22644
17528
16186
17020
17866
19518
22997
23439
23436
18417
23872
23740
20207
23737
19919
23403
23104
20815
19144
22755
19451
21406
20906
17189
17572
17997
20090
21337
21419
20758
20105
16522
17873
21598
16472
16433
20323
20945
18277
21216
17681
19121
19840
21508
18082
16712
17696
21024
22397
22647
16450
23309
22368
22131
23416
23927
20590
20299
21716
19229
18730
18007
22012
16279
19442
17740
23156
19042
17896
23416
20484
16631
19722
22225
16616
22349
20540
17957
17710
23014
16623
17242
16778
22014
20649
19954
19913
23176
23311
19930
21055
20658
18783
17820
16261
19630
22185
17369
16843
19416
23645
18502
21964
18361
16774
16665
18397
20828
22190
20097
16787
17528
16885
18182
18622
22344
18629
19395
22597
17350
21265
19934
22613
20603
19025
23408
17947
19946
18698
16074
17168
17056
23980
20218
22365
16720
19449
19364
21766
21185
23280
16272
19606
22188
16895
16608
21647
19941
22655
16256
19496
16801
19518
18643
21601
17784
23499
18533
18641
22272
16842
19173
18661
23115
23105
22613
21351
23587
20761
17992
16021
16876
19796
22926
20104
22925
18800
21453
23568
17853
16125
19769
18089
20636
19520
16845
17511
16122
18363
18747
21267
20317
17249
20009
23015
23681
23794
23849
19123
23684
20717
22152
19705
20825
22726
20380
22892
18007
23818
20868
22928
18706
18381
21410
16761
23060
22713
17725
20887
20597
20452
22234
23361
23215
21046
20882
23739
19113
17423
21323
19720
16447
23510
17555
19051
20469
21357
22337
20706
22096
18566
20507
22825
21783
22432
23095
17348
18506
20109
16220
17861
17246
17062
19595
22408
16675
17569
17969
20428
21104
16023
21984
18893
16960
19537
18278
18933
21325
22438
21188
16783
18787
16367
23765
18224
20087
21033
21812
18408
23333
17903
21787
21122
18333
22457
23037
18767
16673
18958
23467
21191
16236
22544
23128
22711
20318
17779
16533
18648
21284
16702
18166
17025
18123
16268
17292
22315
21950
18571
21793
20011
17378
17261
16265
18907
18107
16150
22201
21015
23994
22074
20319
16442
23905
22248
21976
23799
19143
23336
18234
16974
19655
19501
20986
21340
22059
17531
17080
21710
20653
21198
16861
18337
18286
21313
20304
19341
16211
16737
17336
19230
23464
23390
21201
23592
22230
20290
21204
23750
19494
23072
16471
19215
22362
22701
21356
16528
18573
17198
23857
21604
16737
20063
21084
20294
19261
17099
23297
21023
18178
20865
17069
16091
20515
18258
23458
19250
17604
21825
21673
22726
23755
21088
16231
16585
17193
18257
19417
18166
23455
19415
21903
16310
18798
20358
20834
17536
16686
23474
17610
18090
23409
23259
20212
21918
20191
22877
19613
16423
21187
19140
21466
20066
21663
19099
20666
19047
16398
20425
19428
19231
17402
19005
22859
22500
18945
22357
22513
21507
23543
22340
16208
17413
17303
23296
21530
18330
16525
19224
21437
22966
22854
22151
22423
16932
20375
20821
20637
17281
22414
22583
23023
23148
18329
19748
20026
22799
18878
18803
23494
18911
18649
17286
17585
20068
22688
23733
18574
16466
18758
18636
22724
20300
16586
18063
18120
16460
22030
22875
22117
20919
18799
17997
21579
17157
17999
22677
23987
22560
20718
16726
23507
17018
19666
22382
23452
16119
17812
17445
16305
21018
23661
20072
18926
23831
23617
22851
19440
18227
20000
21482
21286
22618
22896
23690
20045
20136
20221
17722
17661
18184
19526
23806
20835
17299
23446
22603
18388
22097
21457
17491
18138
17721
20111
23348
22896
22084
22784
16060
21339
23229
16864
22694
19169
19857
16577
17835
23428
21264
21466
20681
22910
17638
17958
22425
21282
20652
21827
21145
20619
23897
23456
23093
20385
21970
17703
16188
22337
17530
17844
19447
16147
16214
23460
17610
21216
23681
18378
21105
16020
17177
23283
22139
22760
23790
23102
19405
16568
17582
19609
21828
21065
20078
19639
21744
23810
23165
23176
21572
21100
22185
23008
18892
23886
22626
20139
20871
17496
19701
17040
18114
20331
19501
22715
18726
19567
23324
21051
17797
17631
22350
16971
23346
16186
17512
20174
18962
20808
18702
20870
20552
17303
23413
23207
23889
17515
21816
18525
21700
16115
23394
18628
23313
18964
18189
23178
22738
20500
16110
21812
23704
18432
18466
17204
19282
22412
22737
21784
20897
23786
19859
16520
19801
23990
22652
22028
23133
23979
19666
17699
23361
16250
18187
18466
19281
17249
16147
17682
18757
20280
17617
17800
21820
22292
22375
19518
21767
18387
17086
18656
21052
18842
17879
17392
19706
19879
21283
22604
16879
18832
23771
16986
20161
21336
19992
23451
19625
17195
18199
19589
18698
21071
18435
20278
22792
19623
22039
23775
23077
17621
20390
23398
22883
16556
23900
20746
23243
19798
19375
20224
19249
23114
20552
18679
17414
21444
18437
18972
21976
23392
17878
21844
16702
16115
17111
17610
20424
20482
23400
22933
22726
19384
18086
16539
22054
19029
21251
18724
19173
19001
16210
23851
19058
20388
16831
19254
19377
23311
18517
23607
20319
18271
17864
16662
16158
23240
19924
23705
22558
21163
21668
18618
23033
16822
21665
19159
17126
17889
18575
17927
19081
21044
20725
16854
17154
17565
22837
19316
23447
23627
21875
22851
22342
22251
20422
21992
22732
23085
19813
22663
18798
23744
19081
18998
20301
17898
22119
18913
17096
19401
22428
22495
18996
23599
18757
23208
17634
20260
21833
16659
21152
19708
18191
22980
16186
16455
19790
19856
20095
23907
21514
16076
22794
20750
18261
19152
21044
19485
17601
17323
23011
18213
17775
18162
22185
16163
19022
21869
16186
17885
22996
20049
20225
18841
19101
20805
22831
21433
17116
20320
20955
22393
22536
17430
21553
21471
22575
23073
20358
23891
16007
17195
19647
21345
18524
22213
23382
21446
23865
20001
18625
23744
18159
16907
22975
22021
19943
16507
17083
23756
17144
19354
23107
18921
17680
22327
18706
19567
20925
19230
21283
23449
19295
19775
16462
20879
16672
21208
17192
17884
19901
17474
19936
22093
18261
23661
19031
22967
17996
16708
23120
17637
20090
22931
16545
18730
19308
20569
16627
16568
22732
19719
17072
20982
22902
16914
16074
19341
23346
17896
21635
19370
17830
20412
17922
19799
22252
21405
21483
16482
19565
16930
19822
21600
20609
22238
16870
20561
21203
19869
17502
22325
20872
16186
20840
22239
17606
23652
16716
23201
19826
23422
19555
18115
16429
21488
22003
17234
20585
21276
23449
22317
21806
16204
18277
20055
16074
17800
17901
16666
19554
21196
19482
19795
21016
22231
21198
20052
21871
20949
16236
17354
16173
23876
16625
18307
21664
17183
17276
17224
17936
23965
19553
20734
21745
21491
16568
16496
20467
20075
21472
22394
19586
18234
23693
19779
21012
20505
18440
20483
16670
16354
17166
22994
23451
18131
18142
19718
16768
18164
23213
17770
23683
17720
21556
22048
23780
19914
20447
23714
20661
22004
16938
23790
23004
17471
23407
16466
23820
20880
21779
19750
18729
17243
20110
20968
17991
20468
21180
16574
21348
20619
19828
22993
23862
23785
22509
18272
21548
21580
19971
19250
22112
21684
22875
23656
22544
21527
20618
16941
17721
22238
18761
22862
17384
22856
18040
18449
21595
22465
22599
21166
21312
18200
21874
21214
16077
23517
22847
18508
23536
18491
20199
17231
18677
18107
23435
16878
21895
17000
21919
16647
16595
22223
16240
23043
16849
21782
20334
23111
20985
19548
21886
22256
20601
23076
18431
19954
16653
21708
16070
21173
21962
20811
19016
21212
20606
19161
23645
20208
23857
17868
19127
23306
22534
18447
22625
22088
20349
18580
18189
22982
20515
21710
23727
23202
19363
20675
23647
20677
23217
23220
19153
23368
16360
16543
19214
17488
17815
23221
19578
20484
19854
20255
21065
16916
16824
23621
19505
22414
23502
16708
16637
21852
20513
16815
19509
19305
23171
17409
23723
18679
17888
16153
17488
23295
19775
17183
20886
19847
22144
19940
20628
20308
16778
20078
19635
23241
17906
23846
20438
16047
17301
21710
22580
18110
20772
23176
21194
23678
19828
22445
16470
20923
23364
22623
22708
20971
21372
18761
23089
19514
21992
21060
23795
23802
19834
16883
23557
19596
20285
19605
21400
22619
20296
23222
16639
19688
21249
18942
22954
23760
16836
20840
22538
20445
21409
19325
18109
17514
16892
22111
16628
17766
23630
23264
20528
20975
22658
17212
19591
18491
22148
23731
17305
22305
21923
19641
19920
22797
21935
19189
18363
16486
19569
19868
22935
23002
19841
20860
20738
18259
18134
20497
22874
16038
22391
18257
23863
20390
22456
20897
19340
20534
17701
17123
16163
23281
16905
21120
22423
17965
18789
20765
17939
21386
18542
20615
23885
22654
17710
20566
20487
22360
17293
18488
19710
18152
18440
20135
20981
22097
23285
19362
16844
19046
18711
20228
19832
17323
19473
23347
18174
20173
21765
16870
23115
21326
16176
22316
21325
22634
18763
21531
21804
20591
19181
19191
18848
19957
21613
23223
20738
20412
17198
20271
17665
18978
16952
17729
21592
23035
19464
19325
20640
22921
18044
22816
18092
23626
20429
21718
17788
21225
19814
19276
22499
21466
23349
16770
21627
20888
18870
16960
18963
22688
23663
22495
22010
19855
17839
23719
17009
20428
18064
18571
22638
21180
23454
16795
21323
19132
18468
16215
22211
20052
23041
18528
17075
18682
16680
20904
22060
16662
17007
21347
19301
23755
19900
19630
16272
21118
20307
20839
16382
18780
17454
19129
20082
20808
18638
19894
21722
18403
16157
22989
17971
19703
17400
18789
17835
19736
20280
23943
18434
22239
19630
23380
19794
23225
16051
17012
18705
23915
18985
17186
18220
20059
22703
18982
16277
19462
19755
16414
22440
19407
20291
21555
18800
20876
17707
18411
23961
19152
17709
20645
20107
22264
19735
23017
19513
22518
20479
22122
17930
23048
17760
23943
19393
23264
16889
19432
22403
21090
17226
18466
16144
22004
18248
18987
23261
18652
16181
20049
18277
17941
23879
20190
19144
22205
21905
22442
19094
20665
19113
18880
21676
21008
23485
16134
22590
21244
20378
23121
20117
18429
20596
20950
18267
16219
21967
23760
19684
23336
22225
18653
23959
20695
23541
21141
20823
23688
17039
22760
22379
18670
19551
16377
18389
20056
18294
16269
21767
16462
22064
17534
18047
22791
21563
22680
19715
23066
17794
19364
21595
20875
20670
21953
22091
21979
19354
18587
17493
17073
22618
17417
17375
23614
23733
21190
18733
21364
18408
23993
21668
16892
21954
23500
20418
23724
17529
23257
22243
18124
19365
20930
19041
17734
20011
23337
22244
18921
20424
17247
20712
18225
19835
19882
23245
22249
22864
22748
21301
16430
23958
22995
22752
23790
20400
19336
23144
23490
23576
23494
18077
19633
18235
18573
22656
23675
23287
19073
22772
17780
17921
23922
18876
17868
20557
17610
17587
19943
18323
18929
22983
17889
23034
20545
20598
18578
17923
19390
23837
22469
22763
17447
23982
19877
18597
22012
20270
18742
20047
16634
19353
22302
20214
21181
22831
20503
23488
16173
18165
23416
20813
19078
22252
19959
19725
17216
20170
19347
20723
22379
20207
23664
20891
18228
23838
18290
21888
21658
21100
19388
22720
22521
20211
20817
17384
22342
19926
23049
18936
23044
21564
22888
17158
23108
22567
23040
19713
19482
22432
19986
20331
20358
22887
21012
20629
18492
21393
21216
17096
21312
23013
23765
22197
18314
16567
20414
21694
16040
22683
19002
18952
20854
19808
23785
23925
17083
18737
23377
19244
23567
19415
18514
21436
16548
19493
16991
21380
20572
16789
16897
21552
16149
17738
17378
16647
17607
17085
17061
23936
16520
17022
17486
22675
16620
23364
17602
17499
23967
18752
17505
20236
18970
16217
20853
17598
23735
16149
23778
21918
23580
23269
21077
20340
20766
20003
16035
19174
18526
16092
20090
18240
18072
20974
17090
22001
22657
23005
17290
20112
18152
23459
16499
19813
20611
16284
20585
22638
23838
19413
20186
17782
23368
21716
23223
18335
21381
19858
21476
17142
18406
23133
21917
19961
20749
22711
20563
19278
16274
16072
21891
23599
18742
21066
22296
22253
23062
17517
22334
19688
19100
21429
17409
23411
22370
20706
16266
20759
22091
22163
23122
22924
22519
17403
18681
19425
18549
22597
23245
18570
22174
16709
21076
21330
17732
17931
19813
21148
22527
21482
21310
18160
20216
19452
23098
16722
22643
16671
20022
23961
19047
19485
21466
18530
16215
21758
16547
21159
23390
16795
22295
20631
22768
19865
16669
18522
21656
21016
21228
17243
19535
22040
18485
22754
21332
19800
20787
19787
22765
19191
21075
22074
23345
18179
23107
19906
16640
17792
16777
19469
21794
22401
22467
19656
17369
23138
21331
23917
22073
20201
20159
17183
16264
16929
21541
21725
17593
16810
18149
21037
18801
22881
22104
23403
23789
21710
17676
20401
23416
18117
19617
16887
18045
19219
17606
19373
17824
19749
23385
20881
23480
22033
22684
16226
22417
20690
20609
19865
18865
21842
16644
17620
21927
18664
23508
22747
16053
21138
19347
21846
21015
23853
20397
16982
23128
16530
22933
19197
19690
23610
18803
21107
18067
20762
19852
22839
18569
18439
23627
22612
16418
22518
17654
20453
22769
23759
16648
17665
22312
17824
20661
16244
50583
48294
51370
53144
50439
53743
55941
49433
54889
52104
50568
48335
49370
48298
49930
55274
49667
52405
48514
53528
52041
52100
55608
55115
49709
55115
48409
50370
51252
51751
53303
51576
49444
53315
52245
48854
48950
53811
52181
49079
49100
55998
52585
50340
48267
55738
53707
48872
49543
51203
52747
50316
51146
51948
53129
54800
52274
49337
50729
50531
49494
51811
48438
55136
51590
55681
52247
48194
53682
53598
51222
52428
48998
49328
53954
49336
54040
53998
49538
49272
50247
54397
51653
55909
53317
54466
53292
51953
48950
50963
49954
52384
49906
55215
50775
55342
54815
50311
54238
55027
54549
52758
50009
52582
54368
50548
51896
54024
55575
52289
48367
54204
49673
52805
55434
50450
50594
50451
54059
51404
52833
55909
55059
52623
49874
48194
52778
51801
48934
50977
48998
48575
50571
50382
50817
49345
52956
48198
53641
55158
54242
53186
51487
54485
53059
53877
55394
55636
48166
48117
50379
52034
55632
48760
52100
53160
51044
55734
55954
52257
53839
53834
50626
51351
55202
55709
49359
48516
55779
51365
52194
52214
55024
52118
55067
55773
51071
50384
51937
48579
54261
52154
53726
52650
55090
52480
53850
52583
48021
52210
55389
53157
50737
55401
52795
51969
52041
48375
55228
52149
48801
52723
48663
55267
50403
49735
48516
48577
52415
48100
53591
50811
48303
49146
51273
52206
55433
55715
54732
49956
54603
48096
53996
50626
54090
52745
48556
48486
49208
54534
54871
54422
53509
53679
53161
54312
49333
50824
49057
49090
51613
53415
55464
52791
51103
48987
54765
52167
55685
49018
48517
51750
54181
51266
48494
49504
53912
48838
48028
52135
50074
53248
50719
51339
49770
54333
50247
54686
54847
52821
54176
54981
50569
51577
52493
49136
54578
50495
55644
54972
55941
49944
50370
49525
49981
52560
53374
53000
48506
50968
52336
51644
49268
49546
50694
54667
53009
54911
53542
52102
50271
49320
48559
55390
52523
55128
50637
50193
50466
48797
53512
48059
54692
52052
52712
55897
49157
52381
51475
48978
48988
53859
52046
49051
53501
50196
51167
52930
49563
52506
51550
55681
48140
55367
50862
55630
55344
55074
48730
48769
49908
52231
52266
52523
51130
51866
52111
52957
52583
55659
54109
51221
49599
48738
51540
51730
52894
50371
53546
49430
53720
52828
55980
48059
52060
50015
48479
53980
50564
48230
50796
54088
53204
50488
48081
50886
53844
49290
50765
53335
50366
49000
48338
49032
55065
51043
53333
51098
50409
48144
51454
51830
50327
52267
53468
55377
51837
53592
52811
54170
51681
51156
48078
54047
53766
53538
54874
55579
53706
54165
52869
49851
48416
49952
54911
52857
52558
50506
50464
52784
50861
51223
48786
51463
48984
52598
54382
51528
55801
54261
48010
50817
52293
48451
52746
49733
53679
53944
49601
50682
48223
53442
48835
52060
48140
50800
53799
53997
54129
53151
49698
50124
48363
49046
51322
51359
48841
50666
48816
52692
48749
49596
48323
52423
53023
55702
55548
49156
49782
55194
48496
55859
54475
51951
54571
52112
53690
54982
55634
49893
55344
50130
51260
53411
54336
52246
49418
54643
51904
53693
53419
53732
51280
49478
51714
48463
50220
51259
48952
50525
48608
52042
49443
54848
48558
52566
51320
52123
48289
53244
51875
51248
49273
50760
54386
52160
51970
54730
55711
54272
51617
49984
55559
55883
54278
50311
48527
49620
50435
50099
50259
53499
53237
53590
49994
49968
53161
53463
54065
49334
52107
53280
51113
52425
48161
50242
54239
55648
51878
48636
51144
54397
50727
55789
53315
54404
54862
51355
51836
49556
55739
53741
53383
51039
48859
51433
54325
53103
54011
52661
52533
49477
50406
49444
52165
49641
53250
51015
50921
53126
53001
54027
49476
55574
48489
53393
50269
53955
50728
51465
53133
50892
56000
49173
55420
48891
49438
50777
51969
51721
48243
50473
51065
55436
54714
54294
50760
52397
50580
48754
48409
55825
49515
48311
48018
50293
52252
48872
55678
49215
49800
52417
53593
55117
49034
50392
53904
50071
54702
50814
52849
49251
48152
52653
51591
54800
55622
55994
54849
54785
55723
52726
54250
55516
50606
50338
55183
54614
54860
55259
49614
54745
55516
52674
51112
48393
48065
51130
48412
53008
50656
54901
51204
51843
50298
52706
52683
48284
55252
50014
52800
51248
50923
56000
51821
53935
48905
53394
49412
50494
50002
53533
51684
54736
54907
49131
54159
51854
53189
54604
54555
51974
51619
53411
51287
55027
53582
54609
50585
51299
48350
52490
53941
52427
49430
48018
55562
50369
52615
55779
52361
48593
53973
48476
50454
52193
55770
50805
54907
52862
53348
49132
55546
49719
50434
50412
53176
48458
49093
51480
51648
51812
52266
55121
53120
49009
48270
51567
49161
54193
55244
55788
52040
55279
50956
50140
55720
54069
50296
52372
48091
51959
52676
51073
52338
50946
52626
50163
52104
54508
50554
48594
51297
48715
50307
53076
48180
52035
53426
49764
54612
48188
52058
53877
55151
49671
49813
53135
52597
55406
50536
54230
49085
53458
53298
55351
50234
53275
48382
54836
50319
48333
49582
55477
50091
51182
51445
55854
48716
54263
53063
52289
50631
54089
51105
49821
50822
54255
55893
51896
55745
48129
54331
49515
48946
55905
55424
53199
55479
49339
54846
55955
54081
55624
54696
55527
49827
53235
50564
50519
50405
49938
55841
55566
50862
53169
52667
50270
53388
54673
55985
51633
49725
55141
48330
49838
50505
53556
53488
51415
55749
54862
48503
48903
55964
52060
50971
54910
52112
48421
51610
55046
49393
53213
50083
54205
55685
53694
55561
48775
50407
50321
50646
54072
55767
55244
49342
53838
51292
54816
52259
55321
51495
49201
49166
51069
53049
50058
50995
48409
51544
49538
52026
48619
52559
51483
51563
52936
53741
55144
50666
49832
49911
55659
53900
49226
49741
54098
48665
54478
50027
52281
53796
50738
48018
52155
50597
48365
55493
48837
52947
49890
52511
55437
51792
52767
53907
51545
52835
50673
54085
51187
55159
55088
54998
50580
51465
52991
49374
49711
55418
55126
50382
53965
52831
53278
53574
54186
51155
51941
53235
49902
54032
52840
48823
52973
54659
49214
49395
51300
54298
50523
54203
49288
53906
50897
53987
52218
50209
48236
55939
48994
55495
52173
55115
51156
54766
51035
54513
49922
53459
49472
48610
54926
54159
50666
55408
50246
48879
51294
48860
49695
49361
48346
55691
55657
50594
50647
54472
52839
49162
54766
53785
51660
49987
55778
54692
55789
52826
55126
52968
49171
51743
50224
52854
50164
53797
52411
52961
55727
49153
54318
49201
53977
51648
48592
52007
50139
48125
50796
48948
50193
50352
55544
54421
55086
55972
49518
50647
49086
48402
49334
54154
55693
53346
54158
53003
51234
52903
53267
53716
52422
48298
50513
50189
48921
52461
53177
52756
51208
51275
53771
49873
55857
55999
50104
48213
48027
52706
50719
54523
52167
52635
54392
52795
53716
50009
55212
55069
55507
53549
53912
49971
54412
55447
48120
52720
53453
53098
54444
49520
48474
52994
50866
52610
50286
52176
48140
49305
51511
48070
53937
49882
53635
49739
48741
51897
51279
55562
52698
53857
54224
55590
51633
48216
54934
48018
49522
51014
55997
53339
49516
50009
52555
55170
51196
52408
49692
48165
51385
55434
48302
51613
55394
55913
51640
49388
53387
51019
51434
52457
55735
55147
54986
53369
53728
50727
54454
55037
53868
55655
55910
48946
55990
55970
52353
50377
48342
49468
49170
48015
53287
53604
52116
55838
54593
52712
52264
53815
50898
49590
49879
55147
55501
55247
48030
51018
51388
54292
54119
53475
54574
52071
52106
53262
53404
49627
49439
52208
52564
49240
55709
49775
52180
49949
52341
51617
51116
52643
51250
52627
52724
51937
50277
52927
48203
49250
51259
53683
48138
48416
53534
51324
49308
50459
52931
55747
55193
52184
52349
55753
52769
49993
51205
54899
50093
52133
50824
51686
52936
49442
48719
53031
54205
49988
52242
51649
50736
49504
53820
49138
53057
54092
53627
48900
52058
50859
54481
51991
49969
53406
54962
55780
50477
51460
49776
55673
50443
54315
54945
50709
55544
54665
54821
50198
53647
51561
49864
49714
54911
50156
53228
49892
50505
49095
52009
53019
54275
55883
51225
52152
55800
49038
53845
51501
50620
49129
52102
54526
49568
49042
54407
49278
49516
51013
51750
53992
49623
55382
53672
51516
53226
54885
49999
51341
50001
48888
51230
54549
50924
53861
51429
50100
50126
49102
53049
51270
55775
49076
50874
54281
48219
52432
53166
50844
49449
48647
53547
55086
50931
52182
51111
48284
53448
51576
48720
50881
55214
55533
54159
49916
55615
55497
52916
54440
55788
52305
48472
54815
48969
48398
54755
51597
48971
50018
49574
49981
54305
53417
55098
49853
48430
53074
53355
51347
53065
55674
55829
48650
50346
54862
49822
54114
48761
55657
52009
50815
53400
52948
49251
51915
52690
53065
50785
54377
49821
52033
50911
55013
48428
52519
54586
55422
52753
49168
50881
50786
55810
50327
48941
49403
48720
54769
49872
55608
51675
49617
48802
55188
50913
53234
49747
51840
53957
50041
53233
53201
53836
55998
54175
49400
48445
48004
51150
48481
48274
54506
49599
50825
50781
48324
48509
53405
51445
55934
55294
49278
52682
51281
49169
49997
49641
52850
49303
51596
48742
53920
55641
49710
49339
52168
53687
51147
50789
48079
52602
48445
50994
50159
54003
51941
51341
52558
49785
50750
50815
55848
50390
53375
54388
55565
52528
55063
53012
51093
50905
51990
49020
49542
52952
53533
53269
53216
48943
55436
55493
52577
55140
52068
49977
52594
54972
51814
52431
53729
54989
48880
50554
51770
53283
50888
53802
53276
54090
49463
54129
48890
54914
52825
50010
48194
51838
50085
55800
51640
48069
52487
51511
50700
55827
52064
51531
52272
49703
55072
50379
51578
49562
48052
51481
50266
48806
49799
55458
52542
55281
54064
48274
48870
49907
49220
50418
55439
50558
52327
53224
53872
49683
49654
50710
51628
48755
51527
50741
54379
50046
52787
53766
54772
54612
55425
54308
52954
54064
49731
54615
50051
51554
52523
48185
53024
50578
54880
49981
51877
48126
55011
50878
49713
55676
54225
51448
51652
48330
51486
51340
55740
51633
55387
51862
49401
55556
51225
49989
54771
54356
50451
48167
53566
54681
54565
51389
54364
52120
50134
49041
51479
48892
49767
54851
54582
55529
52910
54952
52354
52427
48511
52095
51551
49111
49804
52272
49123
48543
49852
55578
52861
53843
55025
51980
50777
50612
48153
53136
48322
53010
50575
54473
54248
49085
50741
50329
50272
55351
52809
50277
50272
55512
55777
54481
51896
48391
53203
55744
55960
53356
50671
49796
48612
55298
48137
51234
54291
52029
53380
54076
51116
53994
53401
49213
51750
52422
55678
51844
49839
54357
49777
55725
54482
48588
53867
55354
49373
49716
54622
48203
54893
52911
49229
50810
50143
51844
50367
49062
49162
52172
54722
55605
54014
53118
52706
51092
52888
50941
53462
54531
48674
51231
53653
55508
51838
52821
53837
55700
52760
50375
50817
55130
54556
50550
52759
50858
54145
54648
51149
48292
48214
53847
50671
51970
53917
52061
53204
51935
49437
53122
48446
50609
51916
48818
54662
53800
50552
55105
52587
48633
49672
51899
55084
50055
49079
50923
54115
53793
50233
50558
54064
49580
48359
50219
52551
51803
52895
52984
53209
54262
55782
49686
51890
53935
50845
51660
50274
51328
48563
52623
54119
53451
52081
49049
52686
54744
50196
49393
53735
53580
51903
55671
49219
48043
48193
51908
49886
49210
51444
53343
51438
53740
55293
48960
48580
54538
51855
49769
54668
51164
49113
55449
54026
51653
54463
54742
55239
50685
55053
51769
54704
52030
53232
52009
52193
51770
51894
48032
48876
50223
53158
49478
50099
48385
50851
52438
52158
51698
49316
51366
53011
49771
53728
48908
49663
50055
51590
54844
50331
49513
48400
53792
55870
51036
48253
53728
52356
49166
48583
49211
53901
49949
53010
55462
54081
52144
55371
53018
53906
51063
54844
55445
53612
52773
50999
51068
55966
50671
49728
50447
49278
48388
50582
49138
48234
50261
54053
49546
53794
49070
52554
53493
49928
49109
53705
55111
49382
55179
53424
51434
49305
51000
53379
51114
55620
54396
54711
51075
48307
49889
49765
50923
54740
51513
51173
55292
54752
54683
50907
48020
51408
53476
48328
52759
53731
50135
53451
55510
52200
52058
50969
53990
53343
52085
48942
55774
52479
49234
54195
52882
48606
54621
48948
51536
48852
53122
50456
54167
55110
52479
51626
52631
53053
49247
50606
52496
51331
54318
51058
50856
54048
48846
55109
53377
48056
49357
55099
52653
50747
55101
55380
48328
52023
50146
53589
55906
53811
49552
53903
49589
54141
53390
51937
52266
51503
49185
55611
48639
55365
52786
51029
53535
52613
53723
51530
49812
53508
48821
50284
49178
54616
50165
55934
53120
51210
52269
54485
53554
49972
52765
55480
49951
52171
53090
52107
49573
53667
50675
51726
53876
49577
50423
51356
50005
52300
51338
48828
53622
52066
54489
53635
55384
54696
48129
51894
55771
48989
55564
53286
48268
52411
54363
51590
49030
48486
50280
52611
54309
50628
50197
49969
52040
50978
55723
53582
49340
55176
51323
48864
48074
55078
48601
51792
52726
53637
55058
53643
55924
54941
50516
51753
52428
55890
48358
53865
53742
54896
52112
48133
49786
53232
51381
52513
51267
49476
53964
55547
48465
49460
55550
50064
51088
51263
51868
54470
48058
54053
52344
50876
49980
52733
53443
52433
50610
52475
49903
53398
51796
53673
52489
48762
50635
54178
54738
48292
50605
52575
54574
54853
53682
51950
50094
55512
55516
54939
52543
53800
55081
53115
51637
50913
49559
54461
52467
52063
51796
49591
55792
51944
51711
49725
55108
49692
48899
50603
48127
55101
52244
55278
52661
55591
51420
55278
51731
55380
50909
52044
54244
48440
55814
51307
52974
48688
53483
53868
51050
55019
48832
55070
55248
48176
50152
50573
52660
49119
55041
53937
54977
50989
49728
53666
51492
49042
55728
52362
49333
51449
50077
55503
51458
53557
51837
50034
52773
50774
49715
53740
51757
54291
48519
50217
55980
55292
50321
51809
54654
54638
52000
49962
55802
54295
55436
50752
51802
54397
55857
55689
50750
54658
50812
53131
55054
50154
55790
48702
53458
48571
51754
55974
49210
54225
55496
50966
50971
54895
51278
50021
55727
48041
50497
51812
54122
50549
50400
53380
50044
53020
49501
53947
54847
51351
50147
51694
50870
50755
53769
54224
52317
50217
48393
51618
49277
55638
52430
53433
52108
53935
52121
52102
50687
53208
49294
54216
51181
53165
49575
49180
51643
52560
55087
49738
53940
54326
49998
51710
48706
53192
54821
55339
53433
55465
48150
51853
53385
53279
55317
49821
51982
50673
54458
48356
48118
52561
54843
48311
52388
53166
52004
55369
52584
52472
51024
53532
54141
55275
52088
53576
50382
55532
51733
51916
53260
51085
49799
49131
51690
51596
53994
55406
52685
52928
52502
48511
53604
54562
50450
48940
50125
49536
50405
54744
55533
54749
52618
52207
54722
52633
48318
54115
54051
52319
48039
50429
54505
51796
52380
50826
53750
49998
49528
54919
51349
49073
53013
53273
51872
55117
49140
50703
55122
51253
52479
48868
51949
51121
52871
54032
55624
53841
52801
52632
50978
51727
49571
55269
48889
49514
53792
51599
52819
51067
49642
53097
50234
52204
49762
49402
48657
52846
52334
48560
48008
49775
53273
53288
53438
49245
54239
53308
52466
50171
54419
53559
55221
53535
52796
48774
55406
55217
51172
55706
49203
55602
52354
52183
50207
51628
52287
51441
54809
49495
50711
53349
49789
55923
55387
48808
48825
55720
50244
50022
49027
51965
55842
55156
52546
51937
49730
55521
51439
55345
48635
51644
51454
54209
48222
53503
54337
48691
49030
51349
53487
54201
53616
52853
55997
55446
49566
50335
55757
50842
49230
55096
49850
53686
50174
53317
49012
54339
48314
55219
49158
55818
49706
55547
52231
55187
54272
52775
51947
48382
52447
48382
54751
50944
55755
51383
53513
55800
54447
51362
48990
55617
49125
54995
54272
53530
54223
53563
50192
55085
53629
51472
48621
50483
50794
52608
54185
53596
53795
52301
53564
53666
48788
52267
48833
52654
48941
53312
49427
53061
49757
52235
51701
49974
55578
49626
55187
52569
53721
55363
51702
50632
55211
52152
53402
49919
52802
48520
49626
50963
50355
48706
51368
48764
55682
49906
53804
53276
49061
50338
55916
55333
54708
49307
49877
52275
49231
53782
52197
52893
51749
53527
55724
50061
53232
52651
53201
50929
51838
55465
54055
55263
50691
53147
49004
53179
50565
54421
53157
52501
51312
51370
55955
51314
49347
51875
54267
54518
55719
50655
52956
53481
49704
52743
50086
50931
55600
55386
55951
53764
52609
50537
51861
54438
51568
54782
50664
55935
48504
50071
52359
53643
51972
54060
48884
50696
49856
51838
53522
51639
48718
52318
54013
51439
49254
52130
52683
51285
51198
55102
51911
54345
49059
50912
52155
53367
49195
52262
50489
54759
54592
50832
48328
51959
50358
50497
55100
53574
48497
48587
50897
50065
51339
55482
54938
52455
48958
54062
50151
48227
53034
53770
53519
48282
53963
48889
54669
48254
55898
51622
51344
54368
53804
50477
50673
49888
50291
54474
55678
53347
49393
55295
51707
52640
49314
52074
52804
55307
54408
52747
53105
49237
55777
48840
54181
50052
48560
49575
55223
49364
55515
54054
53447
50326
55751
54350
53606
55531
51653
55647
55157
48627
49218
55065
49544
48132
49208
48873
53086
50513
54895
48847
54416
50907
53277
51426
54896
54416
52800
51252
48346
55004
52762
55483
49111
48061
54836
48456
53458
51904
50870
48785
52547
49426
55747
48760
52593
55305
49249
48596
53472
52418
53166
50543
51201
48537
55173
55973
55048
48495
50835
52639
48697
54816
54809
50042
52516
53850
52147
48270
55141
52098
49545
51897
52914
51441
48730
54618
51499
54068
52304
54763
52683
55433
51015
54813
55027
50444
50936
54700
51553
52088
54002
49124
55782
51685
49995
50889
50804
52666
49273
53036
51468
51799
52141
53897
52564
52974
49430
52165
48896
48658
53803
55312
52013
48637
55231
55181
48369
53369
53787
55357
52477
53946
52129
55596
49181
55676
54353
55641
55306
55408
50211
48517
54434
53073
54532
55810
48140
54454
48123
55414
50874
55169
52067
52557
49286
54253
52180
49884
50542
53639
54408
52306
50944
50198
51088
48750
53142
52376
54415
49825
49003
52046
48018
55849
50246
51696
49792
51836
52122
48005
52240
52727
51280
51659
49238
52854
51138
55677
54553
48203
54654
55287
53527
49567
50298
51272
48200
48350
50639
54734
48451
48037
53618
54771
53561
50418
48094
50315
51696
49577
53479
51677
48432
54736
48465
49965
54499
52825
52787
50539
51079
51067
49180
53554
54185
49545
53875
55184
52056
55928
51819
51644
50336
52354
54491
51974
53882
53710
50347
49866
52573
50982
49366
55489
50103
50938
55959
54135
48037
48036
50674
53971
49311
50618
49386
54337
55618
50023
51908
51618
52588
54084
53398
48344
50254
53502
53362
53048
54633
48083
48089
54973
55213
50403
52932
48517
49796
51458
49862
55857
48828
53141
49819
54358
51732
53489
48100
50952
53847
49931
48605
49311
55078
53962
49264
48713
51004
52443
52430
51542
53574
49487
51329
51804
49138
48831
51515
52560
49008
48874
52876
55909
49771
50719
52807
53380
53509
49144
48393
51923
52011
53616
49746
48065
49947
50417
55940
53495
51177
55050
53161
55146
52171
49238
51547
49653
52185
54250
55278
49469
52084
55458
53212
53781
50588
53754
54322
53960
54226
52197
54010
55629
51880
53207
52653
53824
54821
48329
53386
52866
48944
51439
51419
55994
50490
51782
49730
48667
55190
49235
53520
48220
50594
55630
55746
51255
53927
55839
49998
48182
51180
48143
49293
49464
49806
49244
54081
51456
54136
49994
50139
50847
50602
52636
50059
48680
54811
51529
50750
54995
49331
49961
52966
48759
53623
54103
48325
54499
51991
49225
50061
49963
53769
50420
52414
52235
50133
51038
48147
55431
49021
53403
48549
54230
49635
50254
52393
50659
52772
54820
54995
50021
52879
49936
52166
51197
52278
51839
52617
51543
55815
51591
49652
54627
50721
49998
54470
51068
51998
48124
49590
55427
54293
53097
49741
48120
54946
54922
48834
51235
52387
51644
51656
52840
52453
52682
53615
52395
54604
50763
53683
54252
51089
51947
55327
55439
55554
50281
50466
54896
55678
53811
54102
50397
48230
51841
52354
50167
53434
55932
53524
49755
51880
50195
55243
55309
52807
48174
55089
54754
50680
48988
52373
49134
51047
49978
51614
55293
55071
54121
51296
52481
50567
52937
48527
53580
50273
54838
54760
49024
55844
49876
51096
48655
50672
55702
52809
55689
48233
51862
50714
52087
49886
52390
52184
50521
54703
48741
52266
49706
48265
51803
52673
49907
55286
50808
49369
53315
52098
48807
50696
53080
48309
55681
51356
55942
50131
48316
52230
50235
54532
53531
53146
51194
49105
53643
55236
55988
48814
50197
48853
50033
54133
52151
48581
53565
48852
48173
48493
53023
49936
49536
48013
54544
54296
50332
53699
52264
55666
55915
54197
49649
55216
48595
53442
49622
53505
53740
49952
48951
53539
53146
54868
50090
53881
49491
51460
48374
52363
53883
50446
51792
55116
50455
48334
54146
54357
52086
54101
49879
51377
52527
51937
53570
49980
51759
51920
51035
50702
51491
49389
51859
52708
53216
53576
51465
51290
51044
50134
48974
51794
50767
54591
52624
55649
55043
52442
48288
52077
51753
52530
55701
54869
50291
52035
54682
51899
54055
52707
48817
49089
55323
54136
49198
53244
52311
53818
49591
52303
52424
55822
48023
52547
48763
53733
49960
53718
53525
55630
51693
55912
52351
50861
55111
55104
49969
51681
49231
52885
52571
49693
49845
48266
55310
48054
50302
49737
52486
53966
49258
55799
50523
53639
54111
55221
50047
55885
49460
52609
49593
53724
53125
55710
53363
54395
48197
55886
53340
55121
48830
48652
54872
52305
53879
55958
48921
51882
48589
52013
52710
54465
51180
50822
50489
48024
51662
51047
50995
51810
54817
49598
55093
55412
48741
51862
53789
52479
49870
48040
51510
51363
54748
53095
55306
54703
54910
55249
51131
51919
54123
51715
52313
48251
52252
55935
51608
48898
53409
48295
49980
53387
48852
49380
52286
54790
50905
54960
55074
48526
51961
48837
52721
51772
54368
50552
49151
52196
52072
52139
49403
48313
48463
54835
53722
54331
54758
51222
51201
55403
49563
50153
53266
54737
55149
48812
54373
54472
51656
53634
51259
53388
53025
49614
48005
52997
53780
50606
55528
50175
50498
49252
53584
52413
49150
54765
54502
51006
53700
49472
49377
51669
53775
55846
55418
52159
51661
55844
51958
55439
52092
54201
48765
55428
49827
54622
48432
48492
50709
51756
50926
48373
53715
55308
48069
52717
53266
50769
51669
50400
52213
54097
54658
53213
50473
51851
54604
50303
51465
48667
52116
53742
48643
52134
49250
49821
53165
48243
50673
50686
51909
51491
51815
49548
53577
51193
53356
48864
49686
52133
54965
54448
54805
50146
51279
49570
53423
51796
53787
48659
52842
54264
50090
52274
53749
49613
52010
52929
52740
55503
50989
49999
55028
51900
49351
51998
49525
50679
52257
50857
51808
51576
48140
54063
49972
52456
52064
55200
52049
48395
51029
49484
51138
50641
49067
51834
53688
54457
49228
49943
51952
55570
54889
52632
54223
55551
50491
50861
53161
52271
53739
52981
54455
51675
49057
53948
55315
51788
55861
55797
53455
55974
53568
53375
50720
54836
53207
54588
48925
52297
51102
51231
48021
48055
55564
54238
55687
50308
49016
52503
51979
49217
51785
55455
50530
48478
48338
51140
52666
52008
51075
55506
49331
55229
50950
52976
53214
51179
49603
48874
48611
53276
49142
48327
53112
55813
48826
50658
48761
53504
55184
50886
51776
53800
53488
50868
50010
49422
55910
53290
55595
50561
55492
49271
52414
53212
51039
55944
55233
55880
53259
55839
48652
48141
49257
48630
48883
48884
49778
48975
52216
49962
51031
54786
48635
51514
48538
50867
51612
49489
50657
51173
53505
48718
54954
54851
53544
51044
54850
54614
55582
49670
50887
55266
54324
54801
51059
53781
54940
50379
49076
54379
53990
52292
53506
52539
51875
49475
50167
53765
48863
54604
50860
54540
53041
48794
48389
50625
48282
53720
51077
50225
53238
48857
48973
55171
49897
54676
48871
51498
54407
55317
54218
53145
54214
48302
50452
54413
55394
53298
50033
51360
48503
54913
48848
55909
50897
51055
48306
48508
49784
48702
53876
55621
54338
50263
50655
55077
48771
52585
53005
52700
52590
54927
50210
54157
49506
55751
53661
55046
53619
55079
55403
50051
52859
52117
48154
48091
52990
54158
49288
48904
54024
51974
49882
53400
54929
52765
55964
51467
50950
51048
48301
50376
50120
51155
50297
53734
52765
50421
53043
48511
48343
51016
55502
55430
54912
50369
51296
48766
55676
50754
55533
48815
53757
53173
52140
49424
52764
48988
52076
55903
48368
53122
55153
48224
54350
51542
55328
55125
53811
48189
51518
55170
48458
53187
54891
53094
52785
51642
51784
51506
55645
52794
50174
54784
48679
48761
55041
53352
49267
52681
51490
52039
48553
50215
51280
48975
55271
50034
55241
55003
48039
55810
50007
50207
51586
48366
53625
51426
53328
53761
55725
51811
52327
51115
54340
51762
49962
49066
49063
54718
50674
48227
54217
53862
53586
51705
51093
50631
55735
54860
49452
55721
55754
54104
55444
50955
54582
54216
50733
54573
50357
49677
48743
54765
54647
51968
54871
51894
50000
49206
49509
55260
55751
49490
48291
52669
53706
49833
50905
48628
54059
54599
54641
50324
53249
48980
55361
53335
49191
53148
54767
54340
55774
52803
50350
52686
53572
55032
53407
48187
52845
55854
53256
55614
52257
55111
50931
51180
53307
55738
53002
51770
55255
52828
52520
53741
48204
50577
51639
52983
52115
54853
50399
54841
55936
55722
52002
50194
49597
53053
48954
51410
50215
54923
50626
55379
50874
51201
49521
49235
53640
53993
50171
51257
52550
48252
50316
48474
48424
55160
52062
48229
52781
55486
50684
51702
53748
53881
54824
55507
52947
55836
53497
55225
54073
49864
52136
49091
51987
54830
54761
48804
55329
48382
52422
54113
51748
49289
50120
51901
53470
54131
51417
48323
55840
48956
53627
51328
50158
51898
48489
53807
51786
50064
55711
48178
55821
48423
54312
50630
54641
48099
50010
52590
53142
54829
50507
54251
53934
50148
53046
50251
53078
53485
55907
54922
51052
48030
55228
51193
48877
50444
55695
52176
54135
55363
48733
50519
48779
48587
55476
53814
50741
55975
49647
48142
49024
50877
54281
53687
49265
55388
49755
52243
49796
50539
49581
49588
53850
49283
50362
53163
51799
54639
53213
54752
50028
55588
51583
51029
55047
48484
49229
51091
55781
55924
51195
52129
48909
51417
54517
52478
50532
53481
55578
49001
50459
49363
48486
48384
48481
51099
50781
51719
51505
52921
54723
54768
52870
51614
50650
55688
54737
53070
51210
49030
53196
53434
50656
48300
53162
50373
52268
53136
50229
51187
48400
50718
53883
50966
48386
48402
51792
55445
51862
52382
55393
49581
50123
51478
49224
49137
53188
51403
55294
55404
51672
51611
53150
55765
52036
54299
52485
49215
53777
49077
54522
53307
50359
50194
49228
52241
53106
50350
54270
51236
50411
48707
55966
53684
53084
52611
49413
53982
51262
52029
55578
50671
55971
49467
48411
48058
54267
54972
49385
54723
48202
51905
55049
54328
53946
51173
48205
48930
51656
54479
55507
49138
52722
55500
48026
50104
53607
55910
49548
53697
55611
54956
55783
53525
52489
49181
51847
50689
50771
54311
49504
49536
51529
50175
53288
50307
53743
50520
53439
50900
55549
48323
48310
51550
50087
54344
51612
55379
51161
52888
49237
48958
54873
54888
49566
51470
53403
51699
48866
49678
55106
53176
54817
51757
54423
51271
50818
55087
55602
51955
51295
51441
55134
52524
49704
50852
54205
55323
54810
54511
49448
55896
55575
54540
48095
53504
51833
54425
54923
50806
50644
54006
48349
48211
53259
52368
52431
49474
51557
48445
53627
48908
49180
52234
48311
55624
54041
50629
49636
53168
54886
52191
52831
54433
51013
54068
55667
48596
53120
54217
50634
49344
53176
50287
52985
50917
55784
54950
51573
55031
54490
52913
51817
54689
50995
48253
54188
51930
51068
49302
49572
55520
53917
51911
51608
53304
53766
55107
52534
49673
48201
50012
51688
53448
48352
49554
50204
55463
50981
50244
55186
55613
52097
53715
52388
48994
51002
52306
53699
54710
48640
52017
50052
51949
55629
50836
54371
53288
50081
51426
53887
52825
51774
54352
55095
52445
52337
48690
48228
50537
53343
51130
52030
51938
55485
52073
52465
53600
48050
49825
54739
53216
55616
51345
49580
50266
52027
51971
52532
55957
48041
53964
48611
48708
51592
53677
48763
48398
54417
49251
52792
51636
53600
55929
51405
53214
49710
54437
54551
52554
52809
50640
54361
52022
51519
51033
48973
55845
52636
55752
53971
54845
48239
50478
49617
54687
55494
50596
55774
48184
55286
52159
55281
54207
51993
51672
50703
51697
52106
48852
55245
51666
48998
49108
48710
53052
51853
53675
55040
48709
51352
52523
52072
50340
52189
55609
52098
51046
51704
54138
49330
52720
52041
50760
50899
55379
49327
51155
54605
52221
54519
54829
49545
52999
52434
51082
51931
49405
54563
53228
50718
55336
54349
55380
49071
48111
51706
51395
52609
49565
53936
49550
55367
52256
52882
55639
55333
55904
55369
52057
50602
52718
48001
48144
51417
48671
55388
48342
55029
49759
49580
48224
53970
54047
55897
50763
51468
54602
48101
51858
48036
52066
49087
51873
52189
54994
52859
50721
50701
51082
55365
54245
55867
49026
55819
52261
54755
49086
53640
55743
55162
50379
53148
49689
51227
53477
55708
49628
54726
51404
50774
52034
49470
52329
51894
52890
52280
48783
51827
49875
48963
50802
55819
54668
54509
53448
54695
51977
53020
55695
49417
48695
54190
52978
54555
55222
55130
48448
54474
50103
48408
54720
53927
55552
49405
51066
49748
53631
51969
54931
48243
55139
52415
52804
52126
50425
48167
54373
54320
49308
51918
48186
50068
50474
53629
51979
48155
50937
52351
48792
54178
49685
53679
55622
50296
51385
53711
53855
50457
55388
53326
51488
49268
53012
49450
52358
50405
53320
55414
51744
50975
49694
55526
48016
54299
51316
50612
51845
50393
55380
54764
53941
52017
50423
52592
51092
50890
49120
51171
50097
50548
48340
50895
55980
48552
50354
51621
50533
48912
51820
55657
53034
52459
51147
51215
50319
48879
55295
53872
50469
52564
49917
52248
52650
48392
49603
52492
55859
55843
52242
54976
53486
53706
48573
55021
51971
53341
53848
49596
50850
54520
54390
54644
50091
48824
49305
50362
53866
49697
48782
50966
53517
51456
49894
50037
53844
51034
48817
48144
49566
48823
55539
55148
50503
54524
55006
53341
54603
50574
49519
48342
48407
48738
48766
53055
54206
51720
55583
50792
50905
50848
54644
48711
52528
52403
50724
55364
51845
49560
50368
52640
52393
49777
53843
51777
49319
50715
52382
52871
51748
54829
51245
48715
52387
53856
49207
52053
55468
55406
51217
53273
51647
49003
54025
54538
53424
53131
49155
55773
53755
53190
51993
51524
53440
53650
51961
50486
52304
53322
55827
49115
53265
48458
49882
49475
51014
52267
49317
48722
50869
55759
48155
53517
53634
52443
48520
49107
55520
55519
48218
52569
54167
54198
50528
54711
55772
48340
48941
55740
48895
55475
49643
55507
52671
54596
50609
49216
55436
50110
51780
51596
53969
55596
48665
50118
48633
54915
48571
55127
49384
52274
48358
48613
51792
52096
52958
51618
52001
54735
54975
50823
50485
54580
50321
48453
48467
49637
52441
48508
50523
50810
54328
52397
55093
53739
48354
51594
52258
53716
51712
53557
49512
55985
50665
48291
52183
51851
49303
53643
55339
50111
53315
52778
48112
48211
52312
49170
48222
48465
49620
54234
49300
54748
49326
53141
51559
54192
53824
55425
49641
50096
53113
53611
54018
54998
52364
51648
53424
54040
52012
50767
50328
48525
49290